id,antelope_duiker,bird,blank,civet_genet,hog,leopard,monkey_prosimian,rodent
ZJ0001,0.048232789,0.189185315,0.044914181,0.199587971,0.106117832,0.132914507,0.16640995,0.112637454
ZJ0002,0.097077829,0.061400063,0.026408942,0.241529852,0.144343898,0.051780163,0.287810757,0.089648497
ZJ0003,0.124658328,0.089101181,0.189225067,0.174494208,0.180540434,0.079994605,0.085672297,0.07631388
ZJ0004,0.109965988,0.048397175,0.055597638,0.323599631,0.322356229,0.063252393,0.008159918,0.068671027
ZJ0005,0.165741982,0.184610232,0.005431179,0.136806259,0.000388911,0.122077919,0.15152088,0.233422637
ZJ0006,0.055045829,0.17049215,0.184935962,0.196040095,0.000470414,0.099743791,0.208515096,0.084756662
ZJ0007,0.262977011,0.176600419,0.249119839,0.156717015,0.009408094,0.027962835,0.036018951,0.081195836
ZJ0008,0.153992435,0.100824594,0.130332159,0.090341967,0.101397553,0.129572852,0.147890819,0.145647622
ZJ0009,0.284625314,0.032507437,0.124590427,0.012253441,0.188537094,0.274732574,0.017648336,0.065105378
ZJ0010,0.082836404,0.055369105,0.180208465,0.079803154,0.144803145,0.111833694,0.132251603,0.21289443
ZJ0011,0.224625133,0.026590207,0.200822042,0.082377655,0.02400358,0.091276793,0.121498298,0.228806292
ZJ0012,0.101941672,0.00339412,0.235900355,0.030488374,0.131254445,0.233231342,0.141242173,0.122547518
ZJ0013,0.208683025,0.005316002,0.149280839,0.107247103,0.256823714,0.2089242,0.014067841,0.049657275
ZJ0014,0.089966458,0.139784647,0.066029955,0.071585022,0.183240472,0.189635687,0.081070984,0.178686774
ZJ0015,0.066213172,0.01658843,0.105602717,0.132494087,0.179036307,0.193506474,0.154365428,0.152193385
ZJ0016,0.174408878,0.172321959,0.1884791,0.239328819,0.09179525,0.020400608,0.058862723,0.054402664
ZJ0017,0.118564971,0.264232501,0.019596547,0.146655286,0.265163901,0.086164557,0.020674202,0.078948034
ZJ0018,0.019389375,0.184109725,0.038803627,0.044523211,0.185674309,0.184681373,0.134330891,0.208487488
ZJ0019,0.013360721,0.215524881,0.127523103,0.067565189,0.184415306,0.147275985,0.22032782,0.024006994
ZJ0020,0.15367067,0.125077469,0.172545519,0.063979097,0.008234851,0.143966058,0.096476967,0.236049369
ZJ0021,0.102164392,0.093114078,0.140766365,0.11725138,0.213785769,0.175486038,0.110471495,0.046960485
ZJ0022,0.134560813,0.166774196,0.168397885,0.221341419,0.048678826,0.094827168,0.094428882,0.070990811
ZJ0023,0.143773872,0.18808996,0.213335322,0.104379231,0.052877765,0.118804846,0.053710644,0.125028361
ZJ0024,0.126422073,0.111932765,0.185622093,0.104407823,0.102139094,0.119566006,0.135283513,0.114626634
ZJ0025,0.165476208,0.170116922,0.099759636,0.218586593,0.170004167,0.086950433,0.069067258,0.020038782
ZJ0026,0.134814861,0.004981208,0.064219461,0.023404112,0.107841266,0.135048578,0.229217337,0.300473177
ZJ0027,0.147770123,0.037768551,0.211397315,0.172803184,0.117734639,0.152237078,0.120503656,0.039785454
ZJ0028,0.12124072,0.186769681,0.145596906,0.034301046,0.022637069,0.175840232,0.172013917,0.14160043
ZJ0029,0.229396672,0.043095165,0.244904104,0.057996583,0.046675267,0.122785911,0.000115491,0.255030807
ZJ0030,0.034343394,0.157562172,0.124240248,0.164171415,0.12788114,0.204924931,0.080945077,0.105931623
ZJ0031,0.110344623,0.242238215,0.098002707,0.260513454,0.02803137,0.076858542,0.142902921,0.041108168
ZJ0032,0.044331662,0.183749319,0.081319946,0.047748756,0.184751555,0.125632006,0.138370834,0.194095922
ZJ0033,0.184184048,0.068392611,0.002504507,0.141748189,0.182524533,0.207849585,0.04918469,0.163611836
ZJ0034,0.189522538,0.052135726,0.059060749,0.085950542,0.115338426,0.199922491,0.118775489,0.17929404
ZJ0035,0.212342613,0.152985943,0.098872079,0.113314186,0.251471944,0.057439938,0.044634336,0.068938962
ZJ0036,0.199514909,0.110777897,0.061592966,0.098638261,0.024347417,0.130204217,0.241959083,0.132965249
ZJ0037,0.136164737,0.008379881,0.084923003,0.022882493,0.014531938,0.262882259,0.217443906,0.252791783
ZJ0038,0.031861531,0.08757019,0.218925808,0.103896158,0.221906678,0.230468944,0.001584163,0.103786528
ZJ0039,0.159732217,0.095554441,0.103006563,0.097470311,0.063286905,0.00713239,0.200293452,0.273523722
ZJ0040,0.015610972,0.349783078,0.221614538,0.007947579,0.0280187,0.213937514,0.042571839,0.12051578
ZJ0041,0.057719703,0.203843013,0.098637614,0.05989267,0.197046126,0.203028351,0.151085696,0.028746827
ZJ0042,0.160852122,0.079759226,0.142095068,0.130411423,0.118061521,0.138632876,0.146740946,0.083446818
ZJ0043,0.12715067,0.025551382,0.097303846,0.232496446,0.057793117,0.196494036,0.211636692,0.05157381
ZJ0044,0.15325261,0.131754749,0.1955155,0.077827272,0.151678668,0.169157268,0.075979166,0.044834767
ZJ0045,0.091567262,0.162332867,0.064002013,0.213474593,0.073402399,0.189985081,0.079830828,0.125404957
ZJ0046,0.228515782,0.126884999,0.163165846,0.089611651,0.122487342,0.016053917,0.135869432,0.11741103
ZJ0047,0.073113478,0.042275489,0.083306144,0.072102953,0.088655222,0.197773283,0.219010543,0.223762888
ZJ0048,0.086249657,0.183821034,0.120115208,0.203905159,0.025423993,0.154846619,0.120358881,0.105279448
ZJ0049,0.164820753,0.181138613,0.180661704,0.074804505,0.082751502,0.129402961,0.009319495,0.177100468
ZJ0050,0.111355061,0.084273974,0.121257247,0.181534198,0.152814764,0.124680391,0.039436824,0.18464754
ZJ0051,0.099667757,0.233065535,0.129003403,0.173120758,0.228474097,0.015032215,0.075886577,0.045749657
ZJ0052,0.013019975,0.095571258,0.255950499,0.070660701,0.031605924,0.263344426,0.137932153,0.131915065
ZJ0053,0.159083548,0.188973419,0.052478578,0.046799683,0.09817706,0.196029264,0.214422415,0.044036033
ZJ0054,0.189484974,0.122538672,0.241332195,0.081243185,0.074260477,0.006027571,0.2394745,0.045638426
ZJ0055,0.084689287,0.07489866,0.280356177,0.024819592,0.102363268,0.206890855,0.050341201,0.17564096
ZJ0056,0.109852986,0.00339916,0.156919881,0.089742658,0.054719118,0.252257992,0.217033237,0.116074969
ZJ0057,0.095086251,0.004172822,0.215500819,0.078828898,0.151454706,0.185294892,0.222852052,0.046809561
ZJ0058,0.03516817,0.298111425,0.019817657,0.156597875,0.013873493,0.080024362,0.0729415,0.323465518
ZJ0059,0.218716022,0.072030696,0.172563137,0.145605882,0.026837263,0.105338594,0.221000287,0.037908119
ZJ0060,0.064611686,0.09599466,0.001083174,0.208311773,0.106408825,0.172010069,0.141675138,0.209904675
ZJ0061,0.21706089,0.131373163,0.040741137,0.139691627,0.001742051,0.025752274,0.273385849,0.170253009
ZJ0062,0.135134609,0.126598782,0.090404235,0.124574974,0.161662926,0.162451382,0.04358035,0.155592743
ZJ0063,0.097464385,0.043118562,0.08486754,0.12082671,0.183951264,0.186925706,0.115828417,0.167017417
ZJ0064,0.136512751,0.02453006,0.112421385,0.180386229,0.194674703,0.174887475,0.000543055,0.176044342
ZJ0065,0.202326581,0.043974907,0.147244517,0.040813159,0.158242648,0.193196422,0.042983385,0.171218382
ZJ0066,0.085151844,0.250602319,0.009041462,0.214898936,0.061280641,0.104396727,0.044875671,0.2297524
ZJ0067,0.057255314,0.100975559,0.104113468,0.076184103,0.063767788,0.212901423,0.164424741,0.220377605
ZJ0068,0.049213328,0.170904649,0.024991499,0.030856869,0.13544466,0.185699606,0.224702819,0.178186571
ZJ0069,0.016302726,0.079745274,0.156133748,0.201121565,0.191552761,0.104012717,0.197942492,0.053188717
ZJ0070,0.22617101,0.279660241,0.000615461,0.030106399,0.117748778,0.07931693,0.064068594,0.202312587
ZJ0071,0.191213104,0.144995938,0.209128802,0.095114658,0.109404794,0.03975838,0.064854089,0.145530235
ZJ0072,0.153661981,0.088052334,0.164218069,0.174219899,0.143445074,0.144849967,0.002722872,0.128829804
ZJ0073,0.008254323,0.181553386,0.102199071,0.020116289,0.223777998,0.044543809,0.230980257,0.188574868
ZJ0074,0.192019244,0.130276504,0.073207882,0.145492122,0.095830437,0.152882763,0.198482491,0.011808556
ZJ0075,0.073327792,0.190613191,0.012157428,0.159274388,0.187432966,0.077301825,0.018597324,0.281295085
ZJ0076,0.054811318,0.161882931,0.096391054,0.207687269,0.068889271,0.125060754,0.065908183,0.219369219
ZJ0077,0.062181024,0.151382556,0.079328125,0.153005806,0.138765775,0.173041875,0.140192302,0.102102538
ZJ0078,0.11267729,0.039101775,0.029398472,0.038698272,0.232454061,0.167665511,0.226284109,0.15372051
ZJ0079,0.068828125,0.004045582,0.17260343,0.314688112,0.256699319,0.022292051,0.117700612,0.04314277
ZJ0080,0.078534374,0.196793115,0.094573945,0.147952825,0.084003537,0.118979289,0.109727471,0.169435443
ZJ0081,0.028269099,0.355800247,0.048605061,0.019270837,0.325871137,0.130748291,0.00160188,0.089833447
ZJ0082,0.156051213,0.143402114,0.12454576,0.159391546,0.091279477,0.177395093,0.052056899,0.095877898
ZJ0083,0.192608475,0.126298964,0.055698981,0.077484715,0.199842682,0.122849593,0.080299076,0.144917513
ZJ0084,0.036822519,0.184439585,0.090525517,0.128552261,0.086244257,0.213276264,0.043918387,0.21622121
ZJ0085,0.177903584,0.048806646,0.042094378,0.069815421,0.119256732,0.253796262,0.210900179,0.077426799
ZJ0086,0.123472591,0.011027641,0.201425145,0.185520784,0.166692895,0.156519542,0.019339125,0.136002278
ZJ0087,0.130634091,0.134672948,0.195176398,0.071803256,0.053113042,0.095233472,0.134199079,0.185167714
ZJ0088,0.199912934,0.139218316,0.104795854,0.200763119,0.09968269,0.11412128,0.00493829,0.136567516
ZJ0089,0.063787491,0.3007649,0.028782147,0.012953502,0.160942352,0.306089716,0.085262416,0.041417476
ZJ0090,0.033445171,0.001287116,0.227445707,0.130486623,0.302912817,0.081895322,0.20243255,0.020094694
ZJ0091,0.078643775,0.221033926,0.146966393,0.112945439,0.226786729,0.085099351,0.017647596,0.11087679
ZJ0092,0.117746637,0.159788994,0.073628302,0.10387158,0.17759087,0.126492891,0.054683615,0.18619711
ZJ0093,0.123233995,0.181252146,0.174451282,0.145283959,0.064660068,0.141274319,0.024957123,0.144887108
ZJ0094,0.175608931,0.107989375,0.147901593,0.095321942,0.157131508,0.142466681,0.16458024,0.008999728
ZJ0095,0.036528592,0.287380554,0.059163409,0.104554688,0.234112954,0.129556838,0.135928177,0.012774787
ZJ0096,0.159622347,0.209627427,0.162162038,0.140160145,0.063527432,0.142223884,0.018666619,0.104010109
ZJ0097,0.002987945,0.058260401,0.023301032,0.331545012,0.188565658,0.081875418,0.219769877,0.093694656
ZJ0098,0.136488928,0.108335634,0.083337108,0.190340296,0.144129737,0.199201925,0.05741509,0.080751282
ZJ0099,0.190282358,0.176866517,0.077205015,0.027001389,0.235330434,0.096317253,0.000333155,0.19666388
ZJ0100,0.078252385,0.173106103,0.028414691,0.06085228,0.215870263,0.144891583,0.095909322,0.202703372
ZJ0101,0.132342924,0.03524442,0.053258004,0.173147595,0.184186237,0.13810506,0.104626724,0.179089037
ZJ0102,0.146481888,0.208410587,0.156453183,0.048133146,0.194404689,0.11869817,0.075805622,0.051612715
ZJ0103,0.111239639,0.22307502,0.019063182,0.149587741,0.104745851,0.039911384,0.206340458,0.146036724
ZJ0104,0.223962087,0.134328243,0.037191502,0.01975268,0.145020865,0.198773446,0.10459801,0.136373167
ZJ0105,0.159728434,0.129082922,0.120297417,0.177009875,0.032606997,0.034220699,0.187147281,0.159906374
ZJ0106,0.202149314,0.108825776,0.087953378,0.197353247,0.128492569,0.086241169,0.089894325,0.099090222
ZJ0107,0.015726817,0.040859818,0.165494112,0.179813551,0.230476306,0.149767583,0.038344524,0.17951729
ZJ0108,0.046143521,0.152115358,0.057678291,0.079030246,0.248999243,0.158573567,0.213958344,0.04350143
ZJ0109,0.090810482,0.079919353,0.198908028,0.150973897,0.167606957,0.138591821,0.013667025,0.159522438
ZJ0110,0.185868086,0.179052516,0.109568653,0.069794651,0.126634631,0.104020572,0.027142593,0.197918298
ZJ0111,0.144882354,0.032945119,0.134179826,0.207897246,0.116547895,0.009819078,0.21166698,0.142061502
ZJ0112,0.125184797,0.248438491,0.116166658,0.055768145,0.00093865,0.207177453,0.038648516,0.20767729
ZJ0113,0.021678699,0.168877955,0.006249054,0.192184122,0.00373831,0.239092339,0.156792849,0.211386672
ZJ0114,0.154873328,0.096950341,0.092292025,0.155606951,0.115904474,0.132831724,0.084886703,0.166654455
ZJ0115,0.157205,0.039407166,0.011402903,0.235181733,0.025750466,0.163977725,0.139446364,0.227628641
ZJ0116,0.178307268,0.079808945,0.086158045,0.056677237,0.250527662,0.034333152,0.202900873,0.111286818
ZJ0117,0.030632695,0.157406549,0.171972725,0.159585376,0.084998384,0.102054548,0.154845574,0.138504149
ZJ0118,0.12446405,0.055804793,0.058552365,0.128165015,0.183653625,0.087848839,0.131097173,0.230414139
ZJ0119,0.086467943,0.192592206,0.142211817,0.094190587,0.123810883,0.016426861,0.142222051,0.202077651
ZJ0120,0.026655574,0.251334901,0.019795781,0.043924043,0.243309164,0.20770347,0.073581038,0.133696029
ZJ0121,0.020907388,0.127072707,0.125089419,0.176910361,0.126552313,0.168775126,0.14760668,0.107086007
ZJ0122,0.175009397,0.031959794,0.055770329,0.195078212,0.122537972,0.038122249,0.261554499,0.119967548
ZJ0123,0.038744473,0.057366576,0.03213977,0.118268809,0.301452396,0.274027444,0.108993361,0.069007171
ZJ0124,0.094787995,0.12436163,0.097936908,0.101735388,0.184223392,0.167892811,0.149701969,0.079359907
ZJ0125,0.129151439,0.164467033,0.098980464,0.010676802,0.150685256,0.196832581,0.070257073,0.178949352
ZJ0126,0.202726265,0.182223895,0.009187062,0.004110309,0.143962807,0.151263988,0.031424054,0.27510162
ZJ0127,0.053464224,0.171388795,0.093574152,0.101670132,0.184496011,0.219041929,0.009509116,0.16685564
ZJ0128,0.1825666,0.151023268,0.107814615,0.139899036,0.076448926,0.261797043,0.037556591,0.042893922
ZJ0129,0.164156617,0.107832647,0.147104739,0.141971995,0.166498621,0.033036756,0.162922765,0.07647586
ZJ0130,0.157755348,0.079937773,0.188122211,0.19295769,0.144700577,0.060861368,0.093001628,0.082663405
ZJ0131,0.057951181,0.021169039,0.197933052,0.143624709,0.021366489,0.200544784,0.190568095,0.166842652
ZJ0132,0.02552103,0.108021817,0.117036167,0.027627805,0.058104009,0.23092099,0.225655753,0.207112429
ZJ0133,0.11147513,0.166368262,0.024119178,0.097047499,0.158501009,0.070197765,0.191610991,0.180680166
ZJ0134,0.082007559,0.012832576,0.182114613,0.068085872,0.218082323,0.163143447,0.251969766,0.021763843
ZJ0135,0.095432551,0.184345025,0.176999228,0.179293293,0.016783294,0.10295838,0.128143873,0.116044357
ZJ0136,0.003952488,0.265521756,0.256089172,0.170489598,0.051439443,0.0591794,0.003515036,0.189813107
ZJ0137,0.164958038,0.157548963,0.12384508,0.098662374,0.16537162,0.129317253,0.138070794,0.022225879
ZJ0138,0.188795204,0.003882383,0.127206907,0.137612944,0.077819702,0.137297172,0.185418005,0.141967682
ZJ0139,0.202428454,0.05513504,0.154716623,0.055137335,0.163043163,0.216176541,0.098127925,0.055234918
ZJ0140,0.175312666,0.052117001,0.057825213,0.191196692,0.183770723,0.163721278,0.024015959,0.152040467
ZJ0141,0.173903316,0.176782382,0.117451835,0.120280706,0.084405984,0.137107023,0.023486059,0.166582694
ZJ0142,0.11415856,0.223453132,0.04320809,0.15551034,0.059349642,0.070065286,0.209497453,0.124757497
ZJ0143,0.163505491,0.187488173,0.107069746,0.16513652,0.179753092,0.081975868,0.021530761,0.093540349
ZJ0144,0.087499613,0.254556455,0.278915972,0.013583137,0.136972619,0.063435583,0.141671444,0.023365176
ZJ0145,0.083553107,0.028357958,0.105808408,0.014113835,0.174520919,0.236616486,0.228195462,0.128833826
ZJ0146,0.025565997,0.19741987,0.130372348,0.046046559,0.155528574,0.192990753,0.075871184,0.176204714
ZJ0147,0.077245432,0.178555247,0.133858281,0.196408641,0.060182319,0.176838167,0.066917473,0.10999444
ZJ0148,0.156836788,0.122197918,0.147975073,0.108963777,0.109518188,0.166937217,0.039665862,0.147905178
ZJ0149,0.119198139,0.166054377,0.188154288,0.05409262,0.173077506,0.037959012,0.075542354,0.185921704
ZJ0150,0.047796755,0.085735266,0.254220229,0.106822678,0.146844917,0.073269374,0.140257521,0.14505326
ZJ0151,0.196122147,0.088643611,0.200387853,0.0854682,0.022692374,0.126186292,0.117354627,0.163144896
ZJ0152,0.112378593,0.160160974,0.107920068,0.163816413,0.099188751,0.102041824,0.100783213,0.153710165
ZJ0153,0.146753877,0.060789209,0.213571639,0.284113394,0.043540331,0.078730839,0.12621007,0.046290641
ZJ0154,0.1222372,0.120591165,0.075016477,0.148456016,0.144153776,0.130726773,0.10568987,0.153128722
ZJ0155,0.142819166,0.160329134,0.090872819,0.175283069,0.147474647,0.094214994,0.162621774,0.026384396
ZJ0156,0.095370791,0.132945628,0.193450886,0.194796834,0.087156251,0.130834252,0.103802448,0.06164291
ZJ0157,0.032903484,0.126849726,0.164235855,0.168979279,0.190513449,0.174539903,0.106599513,0.035378791
ZJ0158,0.13686578,0.102494301,0.003782343,0.23196684,0.155428195,0.212813064,0.127837396,0.028812082
ZJ0159,0.058942429,0.140336315,0.194991607,0.13154142,0.192634511,0.187460265,0.055852518,0.038240935
ZJ0160,0.148184512,0.169497653,0.12316084,0.177130023,0.215146958,0.037793521,0.106113916,0.022972578
ZJ0161,0.102985761,0.02657354,0.235790143,0.181399197,0.220615168,0.161450439,0.00646702,0.064718733
ZJ0162,0.153005474,0.057436613,0.276151928,0.004257242,0.109391151,0.168695054,0.150561085,0.080501454
ZJ0163,0.187491248,0.125710411,0.024636642,0.188856209,0.009211779,0.135044073,0.194384581,0.134665056
ZJ0164,0.144920256,0.049293413,0.158960484,0.205814012,0.027637093,0.223153025,0.171333334,0.018888383
ZJ0165,0.143401918,0.109070675,0.147097703,0.035927901,0.057393117,0.164052612,0.168449435,0.174606637
ZJ0166,0.005767384,0.107990975,0.242295824,0.166213209,0.118243589,0.03627976,0.127537622,0.195671637
ZJ0167,0.135256174,0.092836259,0.232257541,0.030176963,0.201800371,0.041095199,0.061799149,0.204778344
ZJ0168,0.060181457,0.042704744,0.047647044,0.195615907,0.191794377,0.149339057,0.112412795,0.200304619
ZJ0169,0.158561917,0.117121717,0.20999751,0.147315967,0.124569427,0.159389792,0.062724147,0.020319523
ZJ0170,0.148109874,0.108034735,0.094151184,0.178864933,0.174317542,0.060275877,0.092819342,0.143426512
ZJ0171,0.159849696,0.212010531,0.018438366,0.211329054,0.07450564,0.036761639,0.100127204,0.186977869
ZJ0172,0.192299387,0.006172512,0.129373718,0.055939163,0.22128085,0.085812043,0.085524955,0.223597371
ZJ0173,0.088920461,0.167573923,0.102551896,0.101280789,0.08980846,0.126211858,0.233561913,0.090090701
ZJ0174,0.014502631,0.045471292,0.105120658,0.234474205,0.10673821,0.223951779,0.072902583,0.196838642
ZJ0175,0.032033941,0.15599327,0.1188643,0.094255512,0.182420278,0.120439118,0.180532364,0.115461217
ZJ0176,0.231626597,0.169631265,0.133798157,0.091387536,0.09785926,0.106108494,0.038279262,0.131309428
ZJ0177,0.248683732,0.166566133,0.009325465,0.06365439,0.212718021,0.14424118,0.026826577,0.127984503
ZJ0178,0.047027954,0.203733027,0.146570423,0.110473672,0.157801352,0.110532614,0.080286923,0.143574034
ZJ0179,0.065335286,0.151761922,0.18620814,0.186044826,0.05362111,0.109500536,0.214349462,0.033178717
ZJ0180,0.056678551,0.046369737,0.00686499,0.093556381,0.137347264,0.299991291,0.082579828,0.276611958
ZJ0181,0.134848963,0.064380112,0.099894849,0.19583326,0.099483382,0.116715432,0.11453857,0.174305432
ZJ0182,0.212436368,0.000955964,0.13060074,0.204601436,0.031387464,0.008193481,0.225096206,0.18672834
ZJ0183,0.172414229,0.016736449,0.129881013,0.13131422,0.049377949,0.193106945,0.139591901,0.167577294
ZJ0184,0.268630488,0.170425875,0.216082725,0.065308037,0.05214424,0.036711744,0.150657937,0.040038953
ZJ0185,0.04204005,0.105421682,0.137700729,0.173319994,0.159230053,0.140142231,0.11901737,0.123127892
ZJ0186,0.12273713,0.000227859,0.163872811,0.076499638,0.166119464,0.206204435,0.069861028,0.194477635
ZJ0187,0.210927525,0.074953537,0.085268097,0.233077941,0.039197065,0.2194407,0.062663871,0.074471264
ZJ0188,0.125350393,0.159914121,0.135093753,0.161383987,0.16140059,0.095232402,0.10743387,0.054190883
ZJ0189,0.102762466,0.033521642,0.144344255,0.230228131,0.035494781,0.159465001,0.14071608,0.153467644
ZJ0190,0.20238712,0.180622422,0.067387087,0.109617518,0.140957974,0.060030271,0.128137675,0.110859934
ZJ0191,0.288008887,0.022920999,0.08354577,0.020444514,0.058880076,0.258335265,0.103650688,0.164213801
ZJ0192,0.194214629,0.072230621,0.066697426,0.133721559,0.046909875,0.194263704,0.116612588,0.175349598
ZJ0193,0.158089475,0.00681382,0.214689102,0.00484712,0.168493468,0.128957838,0.147624585,0.170484593
ZJ0194,0.088700604,0.020715808,0.154754318,0.205437908,0.15948519,0.101042335,0.124582351,0.145281485
ZJ0195,0.205106997,0.005909165,0.06735587,0.029579073,0.114400685,0.126333155,0.09433033,0.356984725
ZJ0196,0.167436815,0.002260355,0.043952396,0.212786861,0.122826362,0.115572519,0.117421103,0.217743588
ZJ0197,0.210053565,0.152333978,0.121884897,0.175494737,0.058958043,0.161412251,0.098471329,0.021391199
ZJ0198,0.059602419,0.157539891,0.075276997,0.1525943,0.11774249,0.20816849,0.084428189,0.144647225
ZJ0199,0.115945968,0.025743058,0.247496678,0.002942943,0.22005392,0.223949714,0.096780528,0.067087191
ZJ0200,0.132040891,0.085743926,0.174980633,0.153558544,0.109417719,0.069309055,0.182601156,0.092348076
ZJ0201,0.117180538,0.073702825,0.14488009,0.148447958,0.1171702,0.084612853,0.16112982,0.152875716
ZJ0202,0.045375731,0.17932268,0.164306014,0.163183429,0.126810504,0.148737537,0.147302266,0.02496184
ZJ0203,0.095223861,0.209932618,0.212923909,0.1338948,0.073834043,0.228405692,0.030383088,0.015401989
ZJ0204,0.136892074,0.12179933,0.11740116,0.156986061,0.078712534,0.10901901,0.151072115,0.128117716
ZJ0205,0.189350032,0.152664229,0.047764733,0.03695565,0.184104866,0.163018506,0.180469279,0.045672705
ZJ0206,0.139186572,0.018719836,0.187481245,0.103598514,0.079319893,0.154320675,0.182810618,0.134562647
ZJ0207,0.040839863,0.00982449,0.291456548,0.210503912,0.147058072,0.088296971,0.122979996,0.089040148
ZJ0208,0.194384354,0.082678307,0.051579902,0.057837198,0.112225756,0.245457641,0.171529532,0.084307311
ZJ0209,0.094060223,0.214541755,0.102334449,0.073043089,0.170611802,0.096498452,0.19128794,0.057622291
ZJ0210,0.153826618,0.221594951,0.222017047,0.019286451,0.000347973,0.009954736,0.21896318,0.154009044
ZJ0211,0.068709042,0.144214831,0.083678904,0.235070918,0.094587592,0.130206614,0.185995328,0.057536771
ZJ0212,0.155165602,0.096440122,0.129878158,0.176809898,0.154383507,0.111845698,0.081469581,0.094007434
ZJ0213,0.112383603,0.069776804,0.21345965,0.134971465,0.111480137,0.131130768,0.135776301,0.091021273
ZJ0214,0.113028727,0.176310991,0.2572904,0.083600924,0.055437401,0.045656392,0.009261435,0.259413729
ZJ0215,0.167202119,0.019002871,0.175506165,0.08569217,0.137819683,0.083228043,0.11418923,0.217359719
ZJ0216,0.197888875,0.090984301,0.093721787,0.035871833,0.135980828,0.027394567,0.210839606,0.207318202
ZJ0217,0.203551006,0.006952819,0.074052373,0.056126673,0.101614681,0.234786069,0.192251389,0.13066499
ZJ0218,0.264509811,0.016317311,0.120605646,0.093533869,0.218440164,0.129440282,0.117436946,0.039715969
ZJ0219,0.165083929,0.200474529,0.163424293,0.202873881,0.038335654,0.130519465,0.091673444,0.007614804
ZJ0220,0.173669943,0.038966927,0.206203525,0.050044387,0.058164149,0.216232102,0.067760841,0.188958126
ZJ0221,0.157273448,0.183922727,0.015262167,0.10039005,0.081956385,0.139645692,0.192883018,0.128666513
ZJ0222,0.192787848,0.203983905,0.110249809,0.096507603,0.109792421,0.070980501,0.042907403,0.172790509
ZJ0223,0.239446163,0.129898472,0.085012114,0.028798177,0.162107709,0.044672305,0.199411589,0.11065347
ZJ0224,0.0598389,0.115721524,0.15661858,0.146664331,0.169934259,0.121303116,0.158092597,0.071826693
ZJ0225,0.150665529,0.179741038,0.009584284,0.15316547,0.165051462,0.072121727,0.066477913,0.203192578
ZJ0226,0.198621721,0.095633058,0.058396091,0.224197575,0.029509037,0.037704124,0.193110975,0.162827419
ZJ0227,0.008851253,0.103984501,0.184848051,0.125990978,0.159136905,0.179019364,0.094212205,0.143956744
ZJ0228,0.11397602,0.172648506,0.118764824,0.158541712,0.137974989,0.044441904,0.086250611,0.167401435
ZJ0229,0.109310513,0.091846963,0.231695078,0.128844478,0.202959886,0.082752281,0.055188444,0.097402357
ZJ0230,0.028031399,0.142998871,0.127960421,0.134099022,0.023474201,0.1949993,0.156048398,0.192388388
ZJ0231,0.031112902,0.06150163,0.198665163,0.132359537,0.036032338,0.199523157,0.157738308,0.183066964
ZJ0232,0.065073037,0.063071754,0.287359985,0.020608663,0.143693814,0.104458978,0.253427419,0.062306349
ZJ0233,0.194689562,0.100488535,0.101388381,0.164513307,0.008625501,0.147043636,0.075243423,0.208007655
ZJ0234,0.093665971,0.179214795,0.171375536,0.178781684,0.080138021,0.091953154,0.024443029,0.180427811
ZJ0235,0.254233936,0.063458347,0.052165422,0.015753337,0.059127195,0.262864709,0.244023088,0.048373966
ZJ0236,0.121183286,0.055566577,0.061307165,0.151268148,0.01525239,0.25093632,0.077322443,0.267163672
ZJ0237,0.049837118,0.153691858,0.110862257,0.096862353,0.14042451,0.114555482,0.215857274,0.117909146
ZJ0238,0.157022086,0.172647803,0.048565442,0.28977246,0.031803848,0.013987136,0.139737189,0.146464036
ZJ0239,0.281924369,0.072231373,0.034261713,0.226214258,0.077649582,0.160499002,0.12132913,0.025890572
ZJ0240,0.047627349,0.086734036,0.102811246,0.28631478,0.079410132,0.083897876,0.073347155,0.239857425
ZJ0241,0.147145971,0.142599435,0.082708454,0.030388779,0.022049942,0.435289883,0.027777533,0.112040005
ZJ0242,0.271724146,0.035554235,0.151122369,0.097421369,0.129433318,0.152502937,0.136325934,0.02591569
ZJ0243,0.14551627,0.268609388,0.16716786,0.289183243,0.018841778,0.059943428,0.01396779,0.036770244
ZJ0244,0.105718892,0.206604578,0.01206572,0.320420896,0.139862554,0.081148843,0.115325241,0.018853276
ZJ0245,0.045473006,0.129414874,0.015301359,0.118703254,0.105845825,0.166548037,0.204203488,0.214510156
ZJ0246,0.219103929,0.124216467,0.177380682,0.120878583,0.021811832,0.198688247,0.123541021,0.014379239
ZJ0247,0.018269939,0.109452894,0.168152849,0.165575468,0.172700086,0.12558037,0.151118513,0.08914988
ZJ0248,0.152380156,0.186470018,0.094069265,0.02289239,0.122616522,0.165273165,0.120219369,0.136079116
ZJ0249,0.144709826,0.00449068,0.021231764,0.198247812,0.221561431,0.18371971,0.148631662,0.077407116
ZJ0250,0.045945273,0.212988274,0.171705249,0.068995503,0.191243997,0.10673748,0.114555814,0.08782841
ZJ0251,0.216293708,0.126634401,0.170536723,0.175275624,0.157753186,0.002547155,0.126396033,0.02456317
ZJ0252,0.195588446,0.118218035,0.073291293,0.146163598,0.190149886,0.126847689,0.052572635,0.097168417
ZJ0253,0.136623573,0.017529116,0.09184531,0.140508179,0.320428004,0.088792587,0.136602974,0.067670258
ZJ0254,0.011151071,0.252638196,0.015809603,0.198097024,0.222072685,0.222440317,0.029880597,0.047910505
ZJ0255,0.003266164,0.156161647,0.160472449,0.170784192,0.169800383,0.128056945,0.040095686,0.171362534
ZJ0256,0.051723143,0.160110097,0.13064533,0.122173603,0.151641446,0.084050266,0.144962678,0.154693438
ZJ0257,0.095316511,0.14470891,0.0587499,0.183262158,0.08269431,0.118986954,0.08591971,0.230361548
ZJ0258,0.0035527,0.083071573,0.236698234,0.212312009,0.210484278,0.117759661,0.110477242,0.025644303
ZJ0259,0.22254516,0.065980261,0.093978241,0.046818935,0.062708942,0.180390352,0.043399438,0.284178671
ZJ0260,0.08395856,0.171964337,0.159360386,0.182152307,0.145522877,0.137515711,0.119033776,0.000492048
ZJ0261,0.059743011,0.164799421,0.0198216,0.280124014,0.036877218,0.116254759,0.047439276,0.274940701
ZJ0262,0.041292036,0.245730315,0.044938188,0.144364524,0.072609989,0.223633177,0.122819121,0.104612651
ZJ0263,0.188909726,0.223640616,0.047987799,0.053982352,0.019432239,0.130917891,0.224442709,0.110686667
ZJ0264,0.075809659,0.063940147,0.0205735,0.204076774,0.139162954,0.203174409,0.076144166,0.217118389
ZJ0265,0.022334651,0.058739877,0.17835469,0.066467504,0.008848096,0.237147248,0.23419651,0.193911425
ZJ0266,0.121041937,0.090780917,0.216402114,0.137057955,0.031632438,0.061503916,0.243603645,0.097977078
ZJ0267,0.138941314,0.098923073,0.114400788,0.146002462,0.084608988,0.148060632,0.186478314,0.082584429
ZJ0268,0.014622695,0.169194843,0.019129061,0.165990686,0.26665853,0.086563265,0.156647967,0.121192954
ZJ0269,0.033328737,0.041912163,0.290292091,0.137940055,0.011619048,0.169496083,0.161999879,0.153411945
ZJ0270,0.030244066,0.279947416,0.19865291,0.050547245,0.178731753,0.075152443,0.110763774,0.075960393
ZJ0271,0.043084405,0.119969239,0.1132209,0.228881638,0.168818182,0.184526633,0.048146481,0.093352522
ZJ0272,0.223543427,0.093808706,0.158705266,0.087785911,0.15102644,0.070292009,0.204117223,0.010721018
ZJ0273,0.037987388,0.166409874,0.121954146,0.053815271,0.053066714,0.151072439,0.18039036,0.235303807
ZJ0274,0.113440393,0.123019091,0.014215619,0.208585174,0.27957614,0.198883579,0.026336078,0.035943927
ZJ0275,0.286779371,0.267977822,0.010268811,0.090928053,0.009690261,0.129238662,0.000155457,0.204961561
ZJ0276,0.09316859,0.075900691,0.132962086,0.160157067,0.037160815,0.169052165,0.215285185,0.116313401
ZJ0277,0.088896359,0.060960863,0.044777068,0.068488482,0.046701198,0.206240048,0.277505353,0.206430629
ZJ0278,0.184777759,0.208975291,0.007787511,0.176234164,0.025089985,0.225298055,0.086920981,0.084916255
ZJ0279,0.101221063,0.056836851,0.155828923,0.164734708,0.088088092,0.152697743,0.108926935,0.171665687
ZJ0280,0.097296724,0.291926926,0.032222275,0.168754013,0.150941145,0.168921145,0.050345193,0.039592578
ZJ0281,0.165325353,0.226631318,0.226641785,0.033161348,0.024064125,0.043678947,0.131858574,0.148638552
ZJ0282,0.041129993,0.169310441,0.089478269,0.210748283,0.141367341,0.14035243,0.117951188,0.089662054
ZJ0283,0.097079528,0.072507987,0.163898993,0.051907756,0.013745995,0.227754633,0.146791664,0.226313444
ZJ0284,0.139956806,0.180002648,0.155158079,0.14451537,0.160530058,0.097562624,0.058660714,0.063613701
ZJ0285,0.071027637,0.202519202,0.264771994,0.023318,0.191182788,0.06731934,0.001317311,0.178543728
ZJ0286,0.027486121,0.099217519,0.072498729,0.089197007,0.072705762,0.289081376,0.204166441,0.145647045
ZJ0287,0.068932012,0.189084733,0.031099404,0.200541146,0.174826645,0.000828357,0.201344446,0.133343256
ZJ0288,0.043776028,0.02106065,0.147771117,0.209783492,0.085260309,0.163268021,0.076780703,0.252299681
ZJ0289,0.173136363,0.167378356,0.066929713,0.092414164,0.154892067,0.20150682,0.00241594,0.141326577
ZJ0290,0.168094802,0.020210606,0.19191443,0.115654786,0.089225712,0.162000984,0.084154888,0.168743792
ZJ0291,0.18252187,0.208342774,0.075751975,0.020486908,0.165085112,0.00405954,0.163843066,0.179908754
ZJ0292,0.197303182,0.006325796,0.190374094,0.211825842,0.026497777,0.103726628,0.078886163,0.185060518
ZJ0293,0.028549969,0.161731965,0.009851128,0.320770793,0.152875996,0.247244974,0.009950234,0.069024942
ZJ0294,0.119314828,0.051174784,0.171976764,0.17923387,0.031121279,0.184126719,0.174578705,0.088473052
ZJ0295,0.075907804,0.135337836,0.145461472,0.002304987,0.147087343,0.113074698,0.190663651,0.190162209
ZJ0296,0.122771376,0.115920289,0.158293314,0.088915799,0.10900732,0.157459649,0.161805126,0.085827127
ZJ0297,0.046152385,0.213103955,0.161836691,0.057549695,0.075302116,0.020672387,0.26592215,0.159460622
ZJ0298,0.016070488,0.075771324,0.266358124,0.014467573,0.196941221,0.019548092,0.236408158,0.17443502
ZJ0299,0.266047114,0.061762516,0.108266232,0.193854979,0.040018364,0.201241362,0.096531441,0.032277992
ZJ0300,0.028748838,0.080810433,0.21268735,0.14050428,0.034971899,0.090685127,0.222462592,0.189129482
ZJ0301,0.181896914,0.106061019,0.049663044,0.199398984,0.140101186,0.034941675,0.161298454,0.126638724
ZJ0302,0.044350006,0.218804566,0.13613678,0.061269374,0.173655849,0.170044094,0.141045154,0.054694178
ZJ0303,0.193646997,0.125183712,0.148114094,0.197218042,0.026457045,0.141116565,0.031752184,0.136511362
ZJ0304,0.119969589,0.078423043,0.22348286,0.156990548,0.042185969,0.025939304,0.228714742,0.124293945
ZJ0305,0.088989977,0.06683312,0.153102291,0.069531615,0.298689394,0.143570524,0.178795616,0.000487461
ZJ0306,0.160803144,0.009735524,0.115307888,0.051571618,0.106434396,0.177933101,0.251363456,0.126850873
ZJ0307,0.00116016,0.201348259,0.075345013,0.230886025,0.084604073,0.249928604,0.059674399,0.097053467
ZJ0308,0.109832339,0.181407889,0.291712931,0.037120813,0.062379486,0.120710429,0.079766314,0.117069799
ZJ0309,0.275469689,0.105539854,0.11704844,0.025324859,0.011129691,0.14932812,0.116666863,0.199492484
ZJ0310,0.196832696,0.061819573,0.090720739,0.250175889,0.006300652,0.156656406,0.10085522,0.136638825
ZJ0311,0.026998928,0.203056525,0.183639202,0.123933781,0.119040612,0.105118809,0.204048466,0.034163679
ZJ0312,0.013234737,0.168949355,0.164307777,0.157053984,0.110429876,0.185917626,0.086989384,0.113117261
ZJ0313,0.230143958,0.014075439,0.248694647,0.054108505,0.180974722,0.046361702,0.052230957,0.17341007
ZJ0314,0.079828184,0.174252106,0.205204785,0.253406202,0.063467093,0.043785591,0.008678182,0.171377857
ZJ0315,0.229153245,0.169791297,0.055207263,0.175487529,0.190501583,0.097372598,0.006684008,0.075802476
ZJ0316,0.176061336,0.168206195,0.106524643,0.108763262,0.137811554,0.114436013,0.115100347,0.07309665
ZJ0317,0.202689663,0.012494769,0.084923019,0.127801523,0.13911445,0.208840073,0.181456514,0.042679989
ZJ0318,0.020108561,0.007564331,0.229481425,0.103163242,0.120708825,0.189183921,0.181647062,0.148142633
ZJ0319,0.160996085,0.055998322,0.012562256,0.061868418,0.318581281,0.095591637,0.219730693,0.074671309
ZJ0320,0.178470466,0.048476599,0.212394794,0.027645919,0.108713325,0.140128068,0.175917327,0.108253502
ZJ0321,0.103531572,0.211400421,0.040263643,0.147242476,0.088810974,0.104321502,0.189271012,0.115158399
ZJ0322,0.153414285,0.062600573,0.197150989,0.184239367,0.095958124,0.08687681,0.08387365,0.135886201
ZJ0323,0.021055952,0.076562758,0.246383829,0.109672149,0.218436885,0.084185173,0.087222025,0.15648123
ZJ0324,0.009051687,0.164504158,0.026269819,0.158959556,0.269208563,0.150596586,0.051762041,0.169647589
ZJ0325,0.189180236,0.113499313,0.191882477,0.149010189,0.084216422,0.054656182,0.165589067,0.051966114
ZJ0326,0.074355569,0.28427072,0.072782795,0.028233147,0.027675146,0.03758328,0.252917533,0.22218181
ZJ0327,0.153099775,0.108237609,0.190428518,0.159241573,0.228666257,0.083656625,0.023321041,0.053348602
ZJ0328,0.09106667,0.101358647,0.19728711,0.189540871,0.108880205,0.189423932,0.090546982,0.031895582
ZJ0329,0.14545013,0.236899478,0.087133094,0.159143712,0.002474745,0.117115143,0.228810509,0.022973189
ZJ0330,0.046048667,0.039208423,0.177685285,0.228057544,0.004060281,0.092029233,0.22455394,0.188356626
ZJ0331,0.055643077,0.123382323,0.126576091,0.153981923,0.198034441,0.07793432,0.122432878,0.142014946
ZJ0332,0.175423812,0.082571129,0.131621796,0.178803192,0.132159683,0.029488516,0.180320533,0.089611339
ZJ0333,0.083477379,0.079874272,0.196706129,0.159374825,0.097996021,0.114154787,0.188810199,0.079606388
ZJ0334,0.249410851,0.066811495,0.138684009,0.074754589,0.077533116,0.138288827,0.17182131,0.082695803
ZJ0335,0.060577777,0.263570174,0.074003351,0.065631955,0.055846007,0.242518597,0.135470568,0.102381569
ZJ0336,0.042329689,0.052921067,0.172331953,0.232664432,0.163211853,0.135189257,0.062946232,0.138405517
ZJ0337,0.071992567,0.12690716,0.157537348,0.031061003,0.236226176,0.100701902,0.270721711,0.004852134
ZJ0338,0.041523711,0.366642141,0.204977285,0.018172649,0.039252002,0.246883717,0.055029645,0.02751885
ZJ0339,0.100443419,0.182834555,0.092598539,0.005278516,0.293429664,0.233155872,0.032736932,0.059522503
ZJ0340,0.213421966,0.148275624,0.179466978,0.051586772,0.105872162,0.089802587,0.153221228,0.058352683
ZJ0341,0.105125508,0.006733421,0.225564609,0.167738075,0.020327908,0.202650548,0.180398127,0.091461803
ZJ0342,0.111404625,0.123570812,0.005269543,0.170377629,0.171104119,0.031507291,0.228007532,0.158758449
ZJ0343,0.194664329,0.208564471,0.091402114,0.013361955,0.234445792,0.032645786,0.159931452,0.0649841
ZJ0344,0.056628282,0.050100442,0.009647089,0.223613511,0.187764831,0.204617243,0.066105047,0.201523554
ZJ0345,0.106731645,0.309810895,0.121915403,0.060699942,0.002952917,0.247208052,0.06985968,0.080821466
ZJ0346,0.157158372,0.188449724,0.192468976,0.070347295,0.181474205,0.138003925,0.024230523,0.04786698
ZJ0347,0.156740795,0.10441378,0.115695571,0.168657946,0.15595767,0.043623358,0.129991111,0.124919768
ZJ0348,0.057577693,0.204693808,0.012242454,0.167307825,0.178225332,0.192666799,0.047713607,0.139572482
ZJ0349,0.080577013,0.049786992,0.089157131,0.198432691,0.061166616,0.142381147,0.171954121,0.206544289
ZJ0350,0.136180668,0.03802891,0.251051817,0.024160217,0.0577223,0.121494621,0.025875155,0.345486311
ZJ0351,0.298327488,0.016580817,0.039540379,0.123679069,0.044893768,0.287265099,0.095264433,0.094448947
ZJ0352,0.118470188,0.016478023,0.050757546,0.297168825,0.053027566,0.287106775,0.04443235,0.132558726
ZJ0353,0.082497518,0.011864154,0.170235555,0.144766129,0.185579673,0.115506742,0.126776512,0.162773717
ZJ0354,0.034413761,0.008085778,0.14705205,0.202841808,0.010720435,0.262463239,0.049693781,0.284729148
ZJ0355,0.010123652,0.23996636,0.038910481,0.083831357,0.147994723,0.02853076,0.239479158,0.211163509
ZJ0356,0.142531314,0.025032448,0.188544853,0.142045286,0.038196646,0.17273749,0.143403465,0.147508499
ZJ0357,0.216253123,0.069421223,0.074014105,0.061563512,0.108340594,0.267996604,0.008915338,0.193495501
ZJ0358,0.092544112,0.20666681,0.059520685,0.041236415,0.148033611,0.172428466,0.155613408,0.123956493
ZJ0359,0.230098214,0.076168025,0.150930525,0.083023627,0.122778746,0.012062866,0.199554879,0.125383119
ZJ0360,0.098456266,0.248985206,0.220145048,0.127567127,0.171095931,0.018946693,0.024768219,0.09003551
ZJ0361,0.245024426,0.095470216,0.137486732,0.202766861,0.209948246,0.023336185,0.081792024,0.004175309
ZJ0362,0.152777455,0.074594077,0.19805539,0.065980675,0.123743961,0.028322386,0.13556155,0.220964506
ZJ0363,0.158438046,0.172170358,0.12536614,0.166184804,0.050835963,0.130966182,0.171426399,0.024612107
ZJ0364,0.077840984,0.146370031,0.135460912,0.144296654,0.220456931,0.081871746,0.058495299,0.135207442
ZJ0365,0.063521737,0.228625618,0.162835935,0.011459682,0.129258567,0.202897213,0.107994698,0.09340655
ZJ0366,0.049755919,0.235541697,0.230916704,0.14471362,0.029558491,0.076211381,0.115273895,0.118028293
ZJ0367,0.137769092,0.034455668,0.101245329,0.177419363,0.242806541,0.14351531,0.107308889,0.055479808
ZJ0368,0.149156332,0.033775582,0.075364899,0.069089371,0.139862687,0.096030712,0.272295241,0.164425177
ZJ0369,0.210833493,0.12588557,0.111368033,0.07615415,0.163052774,0.069177365,0.242005698,0.001522916
ZJ0370,0.105319918,0.155454883,0.132996669,0.137760372,0.068664306,0.044548018,0.185366144,0.16988969
ZJ0371,0.046789406,0.105108015,0.00229207,0.13188531,0.146362287,0.140117219,0.211055036,0.216390657
ZJ0372,0.171061389,0.009345495,0.119257428,0.115419085,0.104091163,0.064851153,0.174752186,0.241222101
ZJ0373,0.242530304,0.151703201,0.106092756,0.043318089,0.121684152,0.073273436,0.167382107,0.094015955
ZJ0374,0.059220674,0.34839373,0.230777736,0.025482949,0.061019363,0.18619635,0.008321069,0.08058813
ZJ0375,0.189951107,0.047562145,0.205118761,0.014393925,0.081262526,0.113796093,0.197000214,0.150915227
ZJ0376,0.042369919,0.171551163,0.016416721,0.011246875,0.232946319,0.056020782,0.197705259,0.271742962
ZJ0377,0.207435004,0.132214596,0.032490001,0.138875365,0.10872353,0.078634714,0.17433873,0.127288061
ZJ0378,0.082926919,0.059080871,0.255395874,0.029750798,0.115496572,0.101469823,0.185968776,0.169910367
ZJ0379,0.191902707,0.120549141,0.062747574,0.154669876,0.160241439,0.115454694,0.126861106,0.067573464
ZJ0380,0.147968935,0.151410646,0.080986748,0.193798675,0.09722488,0.131961471,0.149878328,0.046770316
ZJ0381,0.189014343,0.15937327,0.201096617,0.130049874,0.137784815,0.075042012,0.006980032,0.100659039
ZJ0382,0.020313611,0.235802351,0.047230106,0.217884293,0.122641984,0.148795489,0.124077236,0.08325493
ZJ0383,0.130647887,0.082709613,0.188093666,0.144771605,0.027768868,0.158128451,0.142844135,0.125035774
ZJ0384,0.210824769,0.194013697,0.043285424,0.140236191,0.177988945,0.008986325,0.170368059,0.054296591
ZJ0385,0.186084,0.150175711,0.187165368,0.128278816,0.167405867,0.107457222,0.051653936,0.02177908
ZJ0386,0.056989245,0.112449344,0.108556352,0.126845673,0.171023491,0.078941796,0.158157486,0.187036613
ZJ0387,0.092736936,0.20296557,0.080876793,0.006671105,0.13378781,0.19155282,0.098022306,0.193386659
